[region]
ModelType=ViewROI.ROIRectangle2
Rec2length1=396.113146551724
Rec1length2=283.71320754717
Rec2phi=0
Rec2x=548.237735849057
Rec2y=603.008620689655
