[region]
ModelType=ViewROI.ROIRectangle2
Rec2length1=76.2208657047725
Rec1length2=72.8455284552846
Rec2phi=0
Rec2x=221.878048780488
Rec2y=241.488346281909
