[region]
ModelType=ViewROI.ROIRectangle2
Rec2length1=427.074353448276
Rec1length2=91.6698113207547
Rec2phi=0
Rec2x=249.764150943396
Rec2y=611.632543103448
