[Cam]
ModelROIRectLeft=564.32
ModelROIRectTop=345.781818181818
ModelROIRectRight=2032.36363636364
ModelROIRectBottom=1498.64727272727
ModelAOIRectLeft=1198.21090909091
ModelAOIRectTop=858.894545454545
ModelAOIRectRight=1392.61090909091
ModelAOIRectBottom=1035.62181818182
