[Cam]
ModelROIRectLeft=35.3454545454545
ModelROIRectTop=979.069090909091
ModelROIRectRight=883.636363636364
ModelROIRectBottom=1802.61818181818
ModelAOIRectLeft=311.04
ModelAOIRectTop=1300.71272727273
ModelAOIRectRight=505.44
ModelAOIRectBottom=1498.64727272727
